9.285310000000000841e+00 1.458789999999999942e+01
1.239770000000000039e+01 8.448900000000000077e+00
8.736240000000000450e+00 1.168030000000000079e+01
9.101969999999999672e+00 1.283270000000000088e+01
1.229480000000000040e+01 8.673730000000000828e+00
1.102699999999999925e+01 1.067939999999999934e+01
8.026989999999999625e+00 9.036949999999999150e+00
6.048610000000000042e+00 1.078049999999999997e+01
5.963479999999999670e+00 1.256840000000000046e+01
9.864679999999999893e+00 1.184120000000000061e+01
1.199349999999999916e+01 1.173920000000000030e+01
9.238730000000000331e+00 7.726899999999999658e+00
1.182080000000000020e+01 8.096890000000000143e+00
9.075659999999999172e+00 1.161260000000000048e+01
1.011020000000000074e+01 9.284570000000000434e+00
1.145560000000000045e+01 1.208000000000000007e+01
1.121550000000000047e+01 8.651960000000000761e+00
1.192290000000000028e+01 1.054199999999999982e+01
1.010079999999999956e+01 8.020849999999999369e+00
9.920899999999999608e+00 8.597770000000000579e+00
1.040959999999999930e+01 8.533360000000000056e+00
9.503069999999999240e+00 7.421809999999999796e+00
1.029749999999999943e+01 1.279439999999999955e+01
1.344270000000000032e+01 1.306450000000000067e+01
8.245219999999999771e+00 5.351079999999999615e+00
1.272080000000000055e+01 7.709329999999999572e+00
1.123010000000000019e+01 9.222070000000000434e+00
1.019299999999999962e+01 7.436309999999999754e+00
9.444580000000000197e+00 1.199900000000000055e+01
9.141730000000000800e+00 9.999629999999999797e+00
9.335940000000000794e+00 8.967819999999999681e+00
1.210749999999999993e+01 8.190830000000000055e+00
1.471460000000000079e+01 1.179940000000000033e+01
1.159880000000000067e+01 9.788529999999999731e+00
1.273709999999999987e+01 1.019570000000000043e+01
9.731080000000000396e+00 1.080620000000000047e+01
9.349299999999999500e+00 1.149290000000000056e+01
1.135839999999999961e+01 1.272690000000000055e+01
8.748749999999999361e+00 7.063920000000000421e+00
1.427699999999999925e+01 7.733100000000000307e+00
8.988390000000000768e+00 7.489580000000000126e+00
6.639990000000000059e+00 8.952489999999999171e+00
1.201900000000000013e+01 9.460319999999999396e+00
1.453299999999999947e+01 1.073530000000000051e+01
7.847019999999999662e+00 1.171260000000000012e+01
5.338379999999999903e+00 9.787480000000000402e+00
8.127119999999999678e+00 8.105589999999999407e+00
1.053919999999999924e+01 1.067360000000000042e+01
8.574249999999999261e+00 7.278150000000000119e+00
1.103599999999999959e+01 8.464029999999999276e+00
8.582850000000000534e+00 7.745040000000000369e+00
8.481510000000000105e+00 8.349050000000000082e+00
1.324840000000000018e+01 1.127619999999999933e+01
6.869200000000000195e+00 1.211749999999999972e+01
6.095609999999999751e+00 1.602670000000000172e+01
8.526030000000000442e+00 9.873760000000000758e+00
9.781599999999999184e+00 9.419729999999999492e+00
9.057909999999999684e+00 1.025990000000000002e+01
9.852619999999999933e+00 8.240780000000000882e+00
1.063470000000000049e+01 8.898300000000000765e+00
7.700239999999999974e+00 8.924620000000000886e+00
1.322560000000000002e+01 1.036129999999999995e+01
1.189049999999999940e+01 1.048869999999999969e+01
7.790370000000000239e+00 9.166339999999999932e+00
9.659499999999999531e+00 8.865629999999999455e+00
1.206380000000000052e+01 6.882380000000000386e+00
1.045120000000000005e+01 1.333200000000000074e+01
1.070369999999999955e+01 1.062950000000000017e+01
9.677960000000000562e+00 8.367940000000000822e+00
1.190590000000000082e+01 9.404769999999999186e+00
8.625560000000000116e+00 1.255139999999999922e+01
8.650890000000000413e+00 1.059329999999999927e+01
1.369180000000000064e+01 1.248150000000000048e+01
4.465080000000000382e+00 1.030119999999999969e+01
8.549939999999999429e+00 1.181370000000000076e+01
8.108249999999999957e+00 8.255089999999999151e+00
1.162759999999999927e+01 9.065899999999999181e+00
7.935660000000000380e+00 8.935380000000000322e+00
1.209950000000000081e+01 4.311379999999999768e+00
8.879070000000000462e+00 1.105550000000000033e+01
9.812350000000000350e+00 9.679579999999999629e+00
8.508229999999999293e+00 6.885790000000000077e+00
1.200820000000000043e+01 9.542600000000000193e+00
1.054359999999999964e+01 9.932280000000000442e+00
7.776099999999999568e+00 1.063940000000000019e+01
1.176870000000000083e+01 8.336909999999999599e+00
1.030429999999999957e+01 8.267089999999999606e+00
1.133029999999999937e+01 8.748219999999999885e+00
1.335929999999999929e+01 1.274949999999999939e+01
9.502900000000000347e+00 8.890980000000000771e+00
6.892159999999999620e+00 8.348750000000000782e+00
1.161190000000000033e+01 9.801370000000000360e+00
1.259259999999999913e+01 6.651220000000000354e+00
1.080509999999999948e+01 9.718489999999999185e+00
9.367160000000000153e+00 9.966089999999999449e+00
1.283600000000000030e+01 1.083489999999999931e+01
1.234079999999999977e+01 1.020429999999999993e+01
1.275079999999999991e+01 7.314600000000000435e+00
8.992950000000000443e+00 6.533470000000000333e+00
1.114819999999999922e+01 7.509870000000000267e+00
1.084089999999999954e+01 1.149510000000000076e+01
1.030860000000000021e+01 1.036250000000000071e+01
9.132199999999999207e+00 1.157349999999999923e+01
1.072760000000000069e+01 1.178500000000000014e+01
9.305659999999999599e+00 7.541999999999999815e+00
9.980209999999999582e+00 1.037260000000000026e+01
8.582300000000000040e+00 1.124779999999999980e+01
8.628569999999999851e+00 9.662979999999999237e+00
8.774910000000000210e+00 8.005269999999999442e+00
1.008970000000000056e+01 1.089160000000000039e+01
8.017849999999999255e+00 1.055250000000000021e+01
9.471690000000000609e+00 1.336449999999999960e+01
1.068759999999999977e+01 8.904640000000000555e+00
1.023830000000000062e+01 9.563719999999999999e+00
1.316559999999999953e+01 1.039680000000000071e+01
1.414750000000000085e+01 1.212480000000000047e+01
9.798239999999999839e+00 6.087690000000000268e+00
8.025719999999999743e+00 1.088460000000000072e+01
1.202800000000000047e+01 1.465360000000000085e+01
1.232390000000000008e+01 1.288739999999999952e+01
1.224649999999999928e+01 1.048939999999999984e+01
1.140949999999999953e+01 7.463560000000000194e+00
6.397800000000000153e+00 1.299130000000000074e+01
1.009689999999999976e+01 9.993080000000000851e+00
1.222470000000000034e+01 1.211239999999999917e+01
1.285249999999999915e+01 1.322690000000000055e+01
6.216380000000000017e+00 8.420389999999999375e+00
1.195120000000000005e+01 1.086839999999999939e+01
1.186969999999999992e+01 1.115930000000000000e+01
7.723019999999999996e+00 9.093009999999999593e+00
1.210570000000000057e+01 8.258010000000000517e+00
8.547299999999999898e+00 4.072809999999999597e+00
8.519719999999999516e+00 9.668279999999999319e+00
1.052539999999999942e+01 1.087480000000000047e+01
1.388020000000000032e+01 7.983229999999999826e+00
1.265160000000000018e+01 8.841409999999999769e+00
1.108239999999999981e+01 4.912139999999999951e+00
8.778079999999999217e+00 9.154479999999999507e+00
1.076980000000000004e+01 1.209190000000000076e+01
1.260079999999999956e+01 8.810200000000000031e+00
8.022619999999999862e+00 1.192409999999999926e+01
9.888749999999999929e+00 1.056869999999999976e+01
1.088610000000000078e+01 1.012870000000000026e+01
9.779659999999999798e+00 9.938179999999999126e+00
9.480029999999999291e+00 1.264620000000000033e+01
1.008399999999999963e+01 8.746420000000000528e+00
1.106250000000000000e+01 1.065049999999999919e+01
1.071950000000000003e+01 8.088549999999999685e+00
5.975069999999999659e+00 1.010270000000000046e+01
1.143800000000000061e+01 4.243360000000000021e+00
9.598679999999999879e+00 9.105449999999999378e+00
7.478019999999999889e+00 8.591639999999999944e+00
1.329449999999999932e+01 1.080330000000000013e+01
1.131850000000000023e+01 1.039109999999999978e+01
1.455760000000000076e+01 9.503090000000000259e+00
8.215590000000000614e+00 6.110769999999999591e+00
1.261219999999999963e+01 1.271669999999999945e+01
1.011979999999999968e+01 1.328580000000000005e+01
8.342900000000000205e+00 6.789010000000000211e+00
6.892590000000000217e+00 8.053979999999999251e+00
7.081039999999999779e+00 8.135740000000000194e+00
9.813179999999999126e+00 7.235529999999999795e+00
9.570100000000000051e+00 1.039649999999999963e+01
7.314820000000000100e+00 1.302800000000000047e+01
1.266970000000000063e+01 7.438220000000000276e+00
1.386449999999999960e+01 1.146710000000000029e+01
9.784449999999999648e+00 1.031930000000000014e+01
1.019790000000000063e+01 8.220760000000000289e+00
9.930440000000000822e+00 1.166319999999999979e+01
1.120260000000000034e+01 8.756980000000000430e+00
1.167079999999999984e+01 7.652389999999999581e+00
1.473530000000000051e+01 1.124339999999999939e+01
1.401379999999999981e+01 1.213250000000000028e+01
9.977159999999999584e+00 1.051299999999999990e+01
1.167839999999999989e+01 1.124980000000000047e+01
1.075890000000000057e+01 1.086679999999999957e+01
7.350559999999999761e+00 9.424170000000000158e+00
1.118779999999999930e+01 1.044430000000000014e+01
8.522109999999999630e+00 1.085699999999999932e+01
9.246230000000000615e+00 5.471860000000000390e+00
7.720299999999999940e+00 1.016990000000000016e+01
1.234290000000000020e+01 7.049050000000000260e+00
1.197649999999999970e+01 9.116899999999999338e+00
9.895440000000000680e+00 1.257220000000000049e+01
1.093859999999999921e+01 7.671090000000000408e+00
1.076829999999999998e+01 1.365370000000000061e+01
8.439569999999999794e+00 1.249009999999999998e+01
1.211570000000000036e+01 9.003170000000000783e+00
8.468140000000000001e+00 9.166040000000000632e+00
9.423640000000000683e+00 1.262330000000000041e+01
1.197080000000000055e+01 1.330250000000000021e+01
1.014170000000000016e+01 8.161770000000000636e+00
1.039049999999999940e+01 1.122240000000000038e+01
1.311730000000000018e+01 8.332779999999999632e+00
1.188119999999999976e+01 1.239150000000000063e+01
1.557060000000000066e+01 9.269600000000000506e+00
1.119829999999999970e+01 7.289320000000000022e+00
1.077769999999999939e+01 1.093870000000000076e+01
8.619680000000000675e+00 7.050690000000000346e+00
1.363480000000000025e+01 8.408620000000000871e+00
9.845869999999999678e+00 9.025059999999999860e+00
1.107070000000000043e+01 1.232959999999999923e+01
7.696220000000000283e+00 1.037959999999999994e+01
9.873839999999999506e+00 1.145979999999999954e+01
9.028470000000000439e+00 1.106409999999999982e+01
9.149599999999999511e+00 1.157140000000000057e+01
8.046269999999999811e+00 8.203689999999999927e+00
8.454470000000000596e+00 6.338709999999999845e+00
1.053730000000000011e+01 1.456290000000000084e+01
9.356659999999999755e+00 1.522969999999999935e+01
1.007830000000000048e+01 1.000650000000000084e+01
1.026759999999999984e+01 1.024590000000000067e+01
1.119089999999999918e+01 7.769059999999999633e+00
1.043699999999999939e+01 1.133469999999999978e+01
1.046189999999999998e+01 1.031610000000000049e+01
1.155780000000000030e+01 1.187909999999999933e+01
1.219239999999999924e+01 8.958159999999999457e+00
1.223700000000000010e+01 9.063150000000000261e+00
1.254550000000000054e+01 8.441219999999999501e+00
9.465120000000000644e+00 9.016360000000000596e+00
6.800679999999999836e+00 1.056429999999999936e+01
1.155690000000000062e+01 1.033259999999999934e+01
1.121129999999999960e+01 1.513719999999999999e+01
1.279870000000000019e+01 1.320229999999999926e+01
1.122259999999999991e+01 9.044980000000000686e+00
1.080729999999999968e+01 8.501239999999999242e+00
8.328310000000000102e+00 9.573610000000000397e+00
7.559440000000000381e+00 9.414540000000000575e+00
1.127560000000000073e+01 7.607529999999999681e+00
8.363229999999999720e+00 1.119849999999999923e+01
1.120620000000000083e+01 1.389630000000000010e+01
1.070889999999999986e+01 8.408300000000000551e+00
8.950430000000000774e+00 9.840809999999999391e+00
9.456220000000000070e+00 1.210309999999999953e+01
9.769389999999999574e+00 7.223189999999999777e+00
7.324419999999999931e+00 8.944929999999999382e+00
1.081879999999999953e+01 1.052319999999999922e+01
9.074389999999999290e+00 8.339779999999999305e+00
1.295279999999999987e+01 1.055790000000000006e+01
1.273279999999999923e+01 1.006969999999999921e+01
1.199370000000000047e+01 9.841829999999999856e+00
1.158309999999999995e+01 1.177970000000000006e+01
1.324559999999999960e+01 8.384420000000000428e+00
1.213390000000000057e+01 1.004770000000000074e+01
1.139579999999999949e+01 1.296230000000000082e+01
1.154870000000000019e+01 9.238360000000000127e+00
1.350370000000000026e+01 1.032339999999999947e+01
8.144890000000000185e+00 8.007749999999999702e+00
1.217520000000000024e+01 1.203330000000000055e+01
1.054240000000000066e+01 1.234379999999999988e+01
1.000489999999999924e+01 9.794650000000000745e+00
9.018810000000000215e+00 7.263219999999999565e+00
7.858290000000000219e+00 8.715249999999999275e+00
1.153950000000000031e+01 1.050459999999999994e+01
1.069919999999999938e+01 1.063339999999999996e+01
1.093520000000000003e+01 1.367709999999999937e+01
1.327299999999999969e+01 1.002379999999999960e+01
1.263770000000000060e+01 7.944989999999999775e+00
1.210570000000000057e+01 9.532550000000000523e+00
1.180339999999999989e+01 8.638709999999999667e+00
1.171819999999999951e+01 9.317830000000000723e+00
1.116450000000000031e+01 1.182579999999999920e+01
8.229100000000000747e+00 5.686110000000000220e+00
1.216099999999999959e+01 1.154490000000000016e+01
6.589179999999999815e+00 1.201510000000000034e+01
1.455259999999999998e+01 1.388719999999999999e+01
8.738960000000000505e+00 1.208740000000000059e+01
9.631890000000000285e+00 7.765010000000000190e+00
7.585370000000000168e+00 9.779450000000000642e+00
9.072469999999999146e+00 9.028840000000000643e+00
1.037540000000000084e+01 9.429349999999999454e+00
7.324489999999999945e+00 7.968079999999999607e+00
1.332019999999999982e+01 1.003250000000000064e+01
8.277580000000000382e+00 8.301140000000000185e+00
1.184839999999999982e+01 1.001130000000000031e+01
9.904080000000000439e+00 8.613459999999999894e+00
6.040790000000000326e+00 9.590510000000000090e+00
9.626300000000000523e+00 9.510439999999999117e+00
1.147029999999999994e+01 1.291319999999999979e+01
8.117910000000000181e+00 1.141169999999999973e+01
1.064990000000000059e+01 1.150109999999999921e+01
9.518969999999999487e+00 9.677509999999999835e+00
8.934770000000000323e+00 7.290219999999999700e+00
7.562529999999999752e+00 1.067450000000000010e+01
1.017459999999999987e+01 7.054339999999999833e+00
9.976509999999999323e+00 1.503609999999999935e+01
9.185129999999999129e+00 9.944010000000000460e+00
9.577030000000000598e+00 9.575260000000000105e+00
7.524510000000000254e+00 5.087159999999999904e+00
6.546140000000000292e+00 1.027660000000000018e+01
1.137950000000000017e+01 7.918350000000000222e+00
1.081809999999999938e+01 9.497560000000000002e+00
7.204089999999999883e+00 1.003509999999999991e+01
9.099380000000000024e+00 1.052599999999999980e+01
1.077660000000000018e+01 9.858739999999999171e+00
6.807850000000000179e+00 1.409929999999999950e+01
1.186369999999999969e+01 7.254719999999999835e+00
1.041869999999999941e+01 9.912829999999999586e+00
1.027630000000000088e+01 8.890779999999999461e+00
1.132249999999999979e+01 7.586839999999999584e+00
1.324799999999999933e+01 9.300230000000000885e+00
1.284379999999999988e+01 7.222190000000000332e+00
9.852639999999999176e+00 5.695920000000000094e+00
1.189799999999999969e+01 8.430039999999999978e+00
1.067500000000000071e+01 9.662169999999999703e+00
7.579839999999999911e+00 9.602880000000000749e+00
1.150360000000000049e+01 5.651469999999999771e+00
1.107970000000000077e+01 1.275910000000000011e+01
7.866030000000000300e+00 1.377130000000000010e+01
1.294660000000000011e+01 1.320509999999999984e+01
8.751070000000000348e+00 1.039969999999999928e+01
1.519280000000000008e+01 1.459399999999999942e+01
1.561989999999999945e+01 9.850820000000000576e+00
1.034859999999999935e+01 1.322180000000000000e+01
1.394190000000000040e+01 5.679470000000000240e+00
1.055899999999999928e+01 6.019770000000000287e+00
1.216380000000000017e+01 8.075210000000000221e+00
1.095449999999999946e+01 1.105139999999999922e+01
8.453739999999999810e+00 8.252340000000000231e+00
1.236969999999999992e+01 7.250460000000000349e+00
6.209649999999999892e+00 7.910580000000000389e+00
9.129369999999999763e+00 8.958380000000000010e+00
6.145889999999999631e+00 1.081310000000000038e+01
1.267120000000000068e+01 1.081969999999999921e+01
8.390589999999999549e+00 8.849050000000000082e+00
1.191119999999999912e+01 9.953799999999999315e+00
1.287659999999999982e+01 1.043929999999999936e+01
1.045759999999999934e+01 1.171589999999999954e+01
6.998499999999999943e+00 9.239789999999999281e+00
9.229329999999999146e+00 1.393510000000000026e+01
1.164439999999999920e+01 8.348900000000000432e+00
9.765359999999999374e+00 1.144759999999999955e+01
9.695000000000000284e+00 9.092340000000000089e+00
9.125669999999999504e+00 1.100689999999999991e+01
8.824799999999999756e+00 7.044909999999999783e+00
9.872989999999999711e+00 8.535220000000000695e+00
1.130030000000000001e+01 1.045159999999999911e+01
8.740790000000000504e+00 9.242070000000000007e+00
6.656270000000000131e+00 1.071739999999999959e+01
1.137069999999999936e+01 1.055710000000000015e+01
1.037809999999999988e+01 9.319969999999999644e+00
1.153500000000000014e+01 1.066799999999999926e+01
1.157959999999999923e+01 7.807430000000000092e+00
1.283009999999999984e+01 1.126960000000000051e+01
1.058970000000000056e+01 1.045190000000000019e+01
1.176720000000000077e+01 6.832539999999999836e+00
1.153350000000000009e+01 1.154279999999999973e+01
1.012880000000000003e+01 1.059800000000000075e+01
1.061979999999999968e+01 5.679560000000000386e+00
7.735520000000000174e+00 7.821609999999999729e+00
9.459360000000000213e+00 8.072200000000000486e+00
1.151219999999999999e+01 7.708560000000000301e+00
1.208109999999999928e+01 7.326089999999999769e+00
1.109060000000000024e+01 1.136369999999999969e+01
6.868629999999999569e+00 8.056359999999999744e+00
7.359729999999999883e+00 1.081349999999999945e+01
1.355990000000000073e+01 9.018129999999999313e+00
1.371809999999999974e+01 8.714349999999999596e+00
8.342959999999999710e+00 8.286329999999999529e+00
8.928390000000000271e+00 8.745219999999999771e+00
9.815269999999999939e+00 9.685990000000000322e+00
8.865050000000000097e+00 1.406329999999999991e+01
1.155189999999999984e+01 7.702099999999999724e+00
1.066699999999999982e+01 7.002500000000000391e+00
9.187889999999999446e+00 7.729910000000000281e+00
1.030790000000000006e+01 7.602400000000000269e+00
6.978130000000000166e+00 1.012599999999999945e+01
1.353950000000000031e+01 8.234450000000000713e+00
1.057070000000000043e+01 7.253829999999999778e+00
1.145780000000000065e+01 6.611460000000000115e+00
1.182429999999999914e+01 8.182130000000000791e+00
9.666769999999999641e+00 9.114100000000000534e+00
1.003839999999999932e+01 9.521779999999999688e+00
8.972360000000000113e+00 8.022859999999999658e+00
1.045730000000000004e+01 1.070350000000000001e+01
1.315879999999999939e+01 1.113829999999999920e+01
7.449530000000000207e+00 8.270580000000000709e+00
7.524619999999999642e+00 9.399179999999999424e+00
1.110779999999999923e+01 1.493239999999999945e+01
9.884619999999999962e+00 5.850290000000000212e+00
1.015140000000000065e+01 1.117559999999999931e+01
7.683729999999999727e+00 1.132029999999999959e+01
9.590099999999999625e+00 1.005160000000000053e+01
1.057799999999999940e+01 7.760159999999999947e+00
4.728040000000000020e+00 8.784230000000000871e+00
1.155020000000000024e+01 8.773880000000000123e+00
8.582520000000000593e+00 1.331189999999999962e+01
1.099329999999999963e+01 6.192849999999999966e+00
1.219299999999999962e+01 1.151939999999999920e+01
1.249719999999999942e+01 1.235289999999999999e+01
1.136459999999999937e+01 7.681379999999999875e+00
9.606040000000000134e+00 9.671780000000000044e+00
7.155079999999999885e+00 8.219179999999999708e+00
7.508399999999999963e+00 1.078800000000000026e+01
1.033140000000000036e+01 1.287100000000000044e+01
1.033350000000000080e+01 6.601989999999999803e+00
1.242370000000000019e+01 1.354860000000000042e+01
1.004950000000000010e+01 6.865920000000000023e+00
8.021599999999999397e+00 7.659250000000000114e+00
7.825789999999999580e+00 1.291310000000000002e+01
7.229610000000000092e+00 1.095149999999999935e+01
1.199709999999999965e+01 1.134759999999999991e+01
1.193389999999999951e+01 1.187079999999999913e+01
1.050740000000000052e+01 1.566150000000000020e+01
9.749320000000000874e+00 8.433429999999999538e+00
1.040719999999999956e+01 1.084619999999999962e+01
1.076510000000000034e+01 9.362349999999999284e+00
1.029850000000000065e+01 1.156470000000000020e+01
1.163920000000000066e+01 8.855370000000000630e+00
7.142269999999999897e+00 7.765450000000000408e+00
1.183399999999999963e+01 1.402820000000000000e+01
1.025900000000000034e+01 9.012140000000000484e+00
9.678179999999999339e+00 1.061860000000000070e+01
1.227280000000000015e+01 1.134950000000000081e+01
7.587049999999999628e+00 1.268769999999999953e+01
6.871640000000000192e+00 9.856740000000000279e+00
1.096080000000000076e+01 1.034820000000000029e+01
9.430540000000000589e+00 1.208060000000000045e+01
1.021310000000000073e+01 1.199959999999999916e+01
9.835060000000000358e+00 9.608980000000000743e+00
9.034029999999999561e+00 9.237239999999999895e+00
6.880720000000000169e+00 1.161469999999999914e+01
1.443490000000000073e+01 8.000909999999999300e+00
9.379680000000000462e+00 7.524759999999999671e+00
1.238429999999999964e+01 1.244280000000000008e+01
7.306020000000000181e+00 1.223499999999999943e+01
1.246979999999999933e+01 7.041850000000000165e+00
1.350009999999999977e+01 8.053290000000000504e+00
1.020100000000000051e+01 5.329310000000000436e+00
8.059889999999999333e+00 1.132939999999999969e+01
6.275540000000000340e+00 8.416779999999999262e+00
9.213680000000000092e+00 1.187090000000000067e+01
1.077979999999999983e+01 1.002270000000000039e+01
9.420970000000000510e+00 1.097739999999999938e+01
9.171929999999999694e+00 5.472170000000000201e+00
8.533279999999999532e+00 6.252589999999999648e+00
1.190039999999999942e+01 6.326069999999999638e+00
1.112500000000000000e+01 1.062209999999999965e+01
6.469280000000000364e+00 1.094510000000000005e+01
1.103090000000000082e+01 7.200849999999999973e+00
9.798019999999999285e+00 1.247209999999999930e+01
1.280889999999999951e+01 1.215990000000000038e+01
1.322330000000000005e+01 8.003429999999999822e+00
1.247460000000000058e+01 9.220539999999999736e+00
1.083610000000000007e+01 7.070369999999999600e+00
1.181209999999999916e+01 1.080419999999999980e+01
6.360990000000000144e+00 1.338020000000000032e+01
9.344839999999999591e+00 1.098060000000000080e+01
1.055749999999999922e+01 1.210060000000000002e+01
8.999359999999999360e+00 8.078030000000000044e+00
1.155450000000000088e+01 1.303679999999999950e+01
1.233789999999999942e+01 1.024189999999999934e+01
9.658870000000000289e+00 1.272010000000000041e+01
9.185959999999999681e+00 1.047700000000000031e+01
1.074460000000000015e+01 9.886279999999999291e+00
9.434670000000000556e+00 9.716459999999999653e+00
1.212279999999999980e+01 7.875009999999999621e+00
6.691510000000000069e+00 7.196460000000000079e+00
9.693989999999999441e+00 6.045910000000000117e+00
1.492830000000000013e+01 1.159720000000000084e+01
1.126040000000000063e+01 8.868330000000000268e+00
8.930329999999999657e+00 1.216929999999999978e+01
9.226990000000000691e+00 6.841380000000000017e+00
4.871010000000000062e+00 1.001229999999999976e+01
1.095079999999999920e+01 8.907199999999999562e+00
6.799489999999999590e+00 5.436740000000000350e+00
1.075799999999999912e+01 7.115820000000000256e+00
1.088819999999999943e+01 1.259229999999999983e+01
8.848979999999999180e+00 8.776329999999999742e+00
1.033840000000000003e+01 1.187720000000000020e+01
8.186849999999999739e+00 8.216900000000000759e+00
7.600629999999999775e+00 1.163449999999999918e+01
8.942109999999999559e+00 4.710539999999999949e+00
9.659280000000000754e+00 9.243880000000000763e+00
7.385259999999999714e+00 6.974009999999999820e+00
1.244899999999999984e+01 9.362510000000000332e+00
1.137770000000000081e+01 9.991960000000000619e+00
1.172180000000000000e+01 9.390109999999999957e+00
1.026060000000000016e+01 1.371080000000000076e+01
7.302150000000000141e+00 5.346949999999999648e+00
7.419389999999999930e+00 7.154609999999999914e+00
1.210580000000000034e+01 1.154589999999999961e+01
1.446860000000000035e+01 1.666250000000000142e+01
1.123540000000000028e+01 9.538980000000000459e+00
9.625040000000000262e+00 1.112689999999999912e+01
8.017709999999999226e+00 1.189889999999999937e+01
1.172100000000000009e+01 9.657090000000000174e+00
1.193069999999999986e+01 1.024929999999999986e+01
1.097899999999999920e+01 8.564909999999999357e+00
9.856080000000000396e+00 7.994860000000000078e+00
1.062780000000000058e+01 9.388239999999999696e+00
9.818189999999999529e+00 1.098320000000000007e+01
9.928770000000000095e+00 1.092259999999999920e+01
1.201030000000000086e+01 8.821659999999999613e+00
1.029729999999999990e+01 9.184720000000000439e+00
1.206080000000000041e+01 9.794230000000000658e+00
1.082959999999999923e+01 7.743509999999999671e+00
1.030439999999999934e+01 7.470489999999999853e+00
8.813779999999999504e+00 1.030729999999999968e+01
1.083619999999999983e+01 7.145369999999999777e+00
1.202779999999999916e+01 6.903310000000000279e+00
8.097070000000000434e+00 1.208740000000000059e+01
1.176650000000000063e+01 1.031639999999999979e+01
9.135690000000000310e+00 7.513950000000000351e+00
1.219609999999999950e+01 1.251580000000000048e+01
1.066639999999999944e+01 7.203549999999999898e+00
1.111800000000000033e+01 1.362480000000000047e+01
1.062490000000000023e+01 8.474750000000000227e+00
8.735519999999999285e+00 1.067500000000000071e+01
9.221510000000000318e+00 1.013490000000000002e+01
6.285140000000000171e+00 1.035280000000000022e+01
1.283220000000000027e+01 1.230589999999999939e+01
1.063719999999999999e+01 1.278650000000000020e+01
8.446839999999999904e+00 9.569710000000000605e+00
7.484829999999999650e+00 1.069190000000000040e+01
1.106499999999999950e+01 9.547439999999999927e+00
1.136500000000000021e+01 1.100489999999999924e+01
7.566290000000000404e+00 9.611909999999999954e+00
1.220379999999999932e+01 7.962570000000000370e+00
1.176179999999999914e+01 1.416089999999999982e+01
1.046899999999999942e+01 9.119320000000000093e+00
1.135880000000000045e+01 9.354950000000000543e+00
1.155579999999999963e+01 1.023639999999999972e+01
1.131859999999999999e+01 9.576029999999999376e+00
1.152669999999999995e+01 1.407890000000000086e+01
7.930320000000000036e+00 1.170449999999999946e+01
5.980940000000000367e+00 7.858209999999999695e+00
9.054650000000000531e+00 1.272949999999999982e+01
1.009970000000000034e+01 8.383250000000000313e+00
7.673099999999999810e+00 9.371380000000000265e+00
9.552960000000000562e+00 7.185019999999999740e+00
9.710219999999999629e+00 6.769630000000000258e+00
6.887679999999999580e+00 9.452280000000000015e+00
1.289659999999999940e+01 8.653990000000000293e+00
5.982709999999999972e+00 1.000239999999999974e+01
8.073790000000000688e+00 1.119190000000000040e+01
9.340709999999999624e+00 1.147129999999999939e+01
1.133239999999999981e+01 1.001389999999999958e+01
1.063710000000000022e+01 9.205899999999999750e+00
1.161769999999999925e+01 8.553000000000000824e+00
1.505620000000000047e+01 1.084520000000000017e+01
1.111650000000000027e+01 9.689470000000000027e+00
9.277010000000000645e+00 8.632690000000000197e+00
6.977730000000000210e+00 6.852859999999999729e+00
6.228290000000000326e+00 1.133660000000000068e+01
1.097610000000000063e+01 1.110379999999999967e+01
9.877990000000000492e+00 1.097289999999999921e+01
1.110560000000000080e+01 1.296930000000000049e+01
9.688850000000000406e+00 7.290720000000000312e+00
9.545400000000000773e+00 7.971409999999999663e+00
8.868389999999999773e+00 6.975839999999999819e+00
1.123039999999999949e+01 1.011400000000000077e+01
1.116709999999999958e+01 1.035970000000000013e+01
6.883379999999999832e+00 1.024789999999999957e+01
5.224359999999999893e+00 1.145969999999999978e+01
1.043130000000000024e+01 5.602859999999999729e+00
1.003550000000000075e+01 1.408179999999999943e+01
1.193539999999999957e+01 7.641440000000000232e+00
1.072250000000000014e+01 1.197499999999999964e+01
1.136630000000000074e+01 9.673489999999999256e+00
6.032189999999999941e+00 5.271749999999999936e+00
1.098359999999999914e+01 8.831670000000000798e+00
8.885640000000000427e+00 5.047670000000000101e+00
1.017190000000000083e+01 1.256639999999999979e+01
9.080080000000000595e+00 1.086660000000000004e+01
1.243099999999999916e+01 1.189170000000000016e+01
1.042960000000000065e+01 1.040150000000000041e+01
8.362909999999999400e+00 9.587189999999999657e+00
1.136050000000000004e+01 1.200660000000000061e+01
1.136299999999999955e+01 1.375779999999999959e+01
8.308270000000000266e+00 7.752019999999999911e+00
9.903140000000000498e+00 1.133880000000000088e+01
1.147700000000000031e+01 1.371480000000000032e+01
9.917640000000000455e+00 1.054470000000000063e+01
9.420840000000000103e+00 1.243290000000000006e+01
1.177120000000000033e+01 7.821690000000000254e+00
1.084970000000000034e+01 1.188100000000000023e+01
1.043629999999999924e+01 7.583380000000000010e+00
9.344070000000000320e+00 1.318520000000000003e+01
1.127089999999999925e+01 9.328409999999999869e+00
8.341860000000000497e+00 8.807600000000000762e+00
1.280410000000000004e+01 1.260239999999999938e+01
9.477109999999999701e+00 7.648690000000000211e+00
6.074869999999999770e+00 6.279110000000000191e+00
7.692149999999999821e+00 4.621920000000000250e+00
1.080199999999999960e+01 1.095659999999999989e+01
1.148610000000000042e+01 7.061550000000000438e+00
1.234580000000000055e+01 6.726700000000000124e+00
1.006780000000000008e+01 9.151569999999999538e+00
1.425880000000000081e+01 9.663029999999999120e+00
9.169959999999999667e+00 9.206260000000000332e+00
8.029469999999999885e+00 1.074450000000000038e+01
9.669499999999999318e+00 1.287519999999999953e+01
1.351750000000000007e+01 7.360170000000000101e+00
1.236909999999999954e+01 9.290139999999999176e+00
6.931300000000000239e+00 1.248429999999999929e+01
1.595390000000000086e+01 1.270470000000000077e+01
9.940070000000000405e+00 1.201539999999999964e+01
9.913410000000000721e+00 1.005460000000000065e+01
1.004379999999999917e+01 1.348080000000000034e+01
1.201050000000000040e+01 1.226609999999999978e+01
1.157879999999999932e+01 1.422630000000000017e+01
9.807069999999999510e+00 1.004720000000000013e+01
6.574779999999999625e+00 8.781240000000000379e+00
1.243410000000000082e+01 9.866830000000000211e+00
1.026900000000000013e+01 6.259369999999999656e+00
1.142140000000000022e+01 1.151970000000000027e+01
9.535610000000000142e+00 1.228870000000000040e+01
9.655179999999999652e+00 8.471280000000000143e+00
8.272180000000000533e+00 1.015259999999999962e+01
5.049970000000000070e+00 1.103529999999999944e+01
1.109370000000000012e+01 8.565970000000000084e+00
1.087429999999999986e+01 8.179669999999999774e+00
8.953490000000000393e+00 5.863470000000000404e+00
9.975640000000000285e+00 1.158239999999999981e+01
9.624530000000000030e+00 1.186389999999999922e+01
8.245169999999999888e+00 1.067530000000000001e+01
1.527710000000000079e+01 9.205870000000000886e+00
9.723530000000000229e+00 9.234759999999999636e+00
6.967830000000000190e+00 1.015150000000000041e+01
9.074279999999999902e+00 1.050469999999999970e+01
7.998730000000000118e+00 1.026740000000000030e+01
8.731640000000000512e+00 9.937580000000000524e+00
9.327500000000000568e+00 1.101260000000000083e+01
7.431980000000000253e+00 8.559609999999999275e+00
9.201719999999999899e+00 9.418070000000000164e+00
7.678960000000000008e+00 1.087429999999999986e+01
5.834719999999999906e+00 1.101520000000000010e+01
8.225799999999999557e+00 1.125810000000000066e+01
9.113279999999999603e+00 8.432309999999999306e+00
5.260239999999999583e+00 1.022339999999999982e+01
7.369500000000000384e+00 6.714480000000000004e+00
1.195470000000000077e+01 1.076789999999999914e+01
1.237379999999999924e+01 1.064339999999999975e+01
7.956959999999999589e+00 6.321200000000000152e+00
1.529349999999999987e+01 9.803699999999999193e+00
7.599149999999999849e+00 8.423700000000000188e+00
7.809800000000000075e+00 1.014349999999999952e+01
1.089020000000000010e+01 9.122009999999999508e+00
7.367969999999999686e+00 1.285670000000000002e+01
8.032679999999999154e+00 1.182859999999999978e+01
9.443450000000000344e+00 7.738669999999999938e+00
1.314429999999999943e+01 1.093469999999999942e+01
9.989509999999999224e+00 1.083440000000000047e+01
9.918689999999999785e+00 9.558339999999999392e+00
1.222199999999999953e+01 9.531670000000000087e+00
1.043180000000000085e+01 1.066939999999999955e+01
3.860329999999999817e+00 1.102609999999999957e+01
1.121560000000000024e+01 1.102839999999999954e+01
1.191629999999999967e+01 1.169459999999999944e+01
8.159499999999999531e+00 1.021579999999999977e+01
1.147760000000000069e+01 9.291309999999999292e+00
9.710480000000000445e+00 1.292869999999999919e+01
1.189000000000000057e+01 9.311909999999999243e+00
8.941739999999999355e+00 1.146330000000000027e+01
1.343449999999999989e+01 7.231919999999999682e+00
1.164520000000000088e+01 1.070700000000000074e+01
9.703709999999999170e+00 8.212199999999999278e+00
1.494170000000000087e+01 4.819650000000000212e+00
1.045309999999999917e+01 8.218690000000000495e+00
9.492190000000000794e+00 6.670209999999999972e+00
1.246940000000000026e+01 9.578269999999999840e+00
1.237969999999999970e+01 8.808479999999999421e+00
1.005889999999999951e+01 8.561310000000000642e+00
8.221529999999999561e+00 1.368510000000000026e+01
8.269849999999999923e+00 1.213410000000000011e+01
5.841680000000000206e+00 1.097579999999999956e+01
1.324099999999999966e+01 1.148399999999999999e+01
1.187630000000000052e+01 1.222300000000000075e+01
1.299109999999999943e+01 9.993330000000000268e+00
1.192590000000000039e+01 1.132610000000000028e+01
1.108960000000000079e+01 3.926849999999999952e+00
8.416040000000000632e+00 1.194899999999999984e+01
1.140440000000000076e+01 8.416190000000000282e+00
1.071679999999999922e+01 4.640889999999999738e+00
8.807399999999999451e+00 1.309259999999999913e+01
7.310130000000000017e+00 7.101609999999999978e+00
9.354329999999999146e+00 9.295260000000000744e+00
8.332119999999999749e+00 1.179310000000000080e+01
1.016750000000000043e+01 8.987930000000000419e+00
7.912460000000000271e+00 1.026779999999999937e+01
1.243299999999999983e+01 4.281679999999999708e+00
1.416399999999999970e+01 1.104039999999999999e+01
1.219710000000000072e+01 1.077549999999999919e+01
1.093999999999999950e+01 1.112359999999999971e+01
1.101190000000000069e+01 1.243490000000000073e+01
1.073170000000000002e+01 1.105949999999999989e+01
7.212939999999999685e+00 7.703140000000000320e+00
7.231169999999999654e+00 1.047620000000000040e+01
1.172000000000000064e+01 1.053580000000000005e+01
1.191479999999999961e+01 1.210120000000000040e+01
1.032639999999999958e+01 9.050869999999999749e+00
5.584439999999999849e+00 9.722390000000000754e+00
1.122920000000000051e+01 1.186430000000000007e+01
1.421320000000000050e+01 1.256659999999999933e+01
7.433519999999999683e+00 8.233829999999999316e+00
7.226460000000000328e+00 8.671390000000000597e+00
8.465460000000000207e+00 9.306589999999999918e+00
8.426399999999999224e+00 7.437219999999999942e+00
1.016499999999999915e+01 1.118479999999999919e+01
1.060899999999999999e+01 1.031719999999999970e+01
1.131499999999999950e+01 8.520839999999999748e+00
7.827300000000000146e+00 9.336650000000000560e+00
1.009900000000000020e+01 8.363490000000000535e+00
8.040169999999999817e+00 1.041269999999999918e+01
9.449780000000000513e+00 1.277720000000000056e+01
6.330460000000000420e+00 9.203799999999999315e+00
9.237209999999999255e+00 9.601599999999999469e+00
1.242159999999999975e+01 1.213850000000000051e+01
8.645849999999999369e+00 1.006620000000000026e+01
9.702540000000000830e+00 1.063310000000000066e+01
9.480969999999999231e+00 1.372770000000000046e+01
7.289930000000000021e+00 6.991999999999999993e+00
7.652829999999999799e+00 8.739539999999999864e+00
7.024180000000000312e+00 1.149130000000000074e+01
1.175370000000000026e+01 9.963419999999999277e+00
1.331949999999999967e+01 6.920700000000000074e+00
8.976219999999999644e+00 7.788330000000000197e+00
9.744270000000000209e+00 8.068369999999999820e+00
1.236280000000000001e+01 1.031700000000000017e+01
8.510009999999999408e+00 8.782180000000000319e+00
9.934440000000000381e+00 9.956120000000000303e+00
7.191989999999999661e+00 1.202410000000000068e+01
7.747320000000000206e+00 1.183949999999999925e+01
6.910280000000000200e+00 9.906240000000000379e+00
1.017319999999999958e+01 1.330109999999999992e+01
9.761960000000000193e+00 1.076099999999999923e+01
8.418839999999999435e+00 1.064179999999999993e+01
1.251989999999999981e+01 1.103529999999999944e+01
1.416590000000000060e+01 1.085790000000000077e+01
8.234199999999999520e+00 1.039799999999999969e+01
1.141130000000000067e+01 1.058869999999999933e+01
1.038630000000000031e+01 1.075399999999999956e+01
1.192939999999999934e+01 1.325820000000000043e+01
1.107189999999999941e+01 1.039939999999999998e+01
9.765439999999999898e+00 9.381779999999999120e+00
1.007010000000000005e+01 1.319130000000000003e+01
8.847739999999999938e+00 8.226549999999999585e+00
7.958199999999999719e+00 1.075040000000000084e+01
8.113920000000000243e+00 7.868369999999999642e+00
8.934400000000000119e+00 6.984659999999999869e+00
8.053940000000000765e+00 9.910840000000000316e+00
1.417590000000000039e+01 8.078049999999999287e+00
8.488340000000000884e+00 8.804850000000000065e+00
1.073910000000000053e+01 1.253410000000000046e+01
1.087149999999999928e+01 1.293169999999999931e+01
1.019459999999999944e+01 1.047170000000000023e+01
1.047189999999999976e+01 7.472579999999999778e+00
9.715709999999999624e+00 1.148910000000000053e+01
1.211020000000000074e+01 1.019239999999999924e+01
8.552130000000000010e+00 1.030070000000000086e+01
1.175650000000000084e+01 1.375249999999999950e+01
1.016619999999999990e+01 1.076249999999999929e+01
9.763609999999999900e+00 1.081020000000000003e+01
1.165959999999999930e+01 8.058220000000000383e+00
1.307199999999999918e+01 8.066060000000000230e+00
7.537749999999999950e+00 1.004780000000000051e+01
7.323710000000000164e+00 8.099769999999999470e+00
1.040199999999999925e+01 1.285929999999999929e+01
1.275029999999999930e+01 8.185879999999999157e+00
9.286929999999999907e+00 1.103519999999999968e+01
1.253309999999999924e+01 1.270449999999999946e+01
7.617810000000000414e+00 1.093720000000000070e+01
7.159279999999999866e+00 1.039470000000000027e+01
1.229410000000000025e+01 1.246010000000000062e+01
8.817320000000000491e+00 9.012520000000000309e+00
8.212730000000000530e+00 9.202469999999999928e+00
1.051999999999999957e+01 9.560340000000000060e+00
1.295170000000000066e+01 9.589339999999999975e+00
1.221829999999999927e+01 -1.901189999999999936e+00
8.798170000000000712e+00 -2.918489999999999807e+00
7.945870000000000211e+00 3.295459999999999834e+00
7.315579999999999750e+00 -1.832670000000000021e+00
1.304809999999999981e+01 -5.404320000000000235e+00
1.170689999999999920e+01 1.412770000000000081e+00
7.427629999999999733e+00 2.021949999999999914e+00
1.108569999999999922e+01 3.595419999999999727e-01
7.872250000000000192e+00 -2.396650000000000169e+00
1.267830000000000013e+01 -1.180099999999999927e+00
1.063749999999999929e+01 3.960939999999999905e+00
1.089080000000000048e+01 1.973309999999999897e+00
9.992480000000000473e+00 1.361779999999999935e-01
9.830339999999999634e+00 -4.470000000000000084e-01
9.648160000000000736e+00 2.880099999999999882e-01
1.208750000000000036e+01 -1.989039999999999919e+00
9.341549999999999798e+00 1.012310000000000043e+00
1.271149999999999913e+01 1.807490000000000041e+00
9.050549999999999429e+00 -1.505719999999999947e+00
7.063039999999999985e+00 4.946590000000000154e-01
9.233620000000000161e+00 -1.076000000000000012e-01
1.089359999999999928e+01 -4.490859999999999630e+00
9.107900000000000773e+00 2.415280000000000094e+00
6.048589999999999911e+00 2.150250000000000217e+00
1.467600000000000016e+01 1.489540000000000031e-01
1.104030000000000022e+01 -1.215640000000000054e+00
1.464700000000000024e+01 -2.962049999999999961e-01
1.495829999999999949e+01 -1.047500000000000098e+00
7.976639999999999731e+00 -1.708320000000000116e-01
7.279569999999999652e+00 3.951060000000000162e-03
1.238320000000000043e+01 8.751600000000000490e-01
1.213729999999999976e+01 -2.130389999999999784e+00
1.127689999999999948e+01 -1.591190000000000104e+00
1.204090000000000060e+01 -2.624140000000000139e+00
1.135769999999999946e+01 -3.978969999999999896e+00
1.360299999999999976e+01 1.631960000000000077e+00
1.072589999999999932e+01 5.663420000000000121e-01
1.016799999999999926e+01 -2.031779999999999919e+00
1.146039999999999992e+01 3.244139999999999802e-01
1.291690000000000005e+01 2.003179999999999961e+00
1.048179999999999978e+01 -1.086780000000000079e+00
8.189859999999999474e+00 6.565280000000000005e-01
1.368459999999999965e+01 1.187310000000000088e+00
8.227059999999999818e+00 -2.191289999999999905e-01
7.331579999999999764e+00 4.065210000000000212e-01
7.032619999999999649e+00 1.824629999999999974e+00
8.831450000000000244e+00 -2.280959999999999932e-01
9.853559999999999874e+00 1.278559999999999919e+00
1.157590000000000074e+01 -3.239559999999999995e+00
9.007339999999999236e+00 2.577620000000000022e+00
1.236309999999999931e+01 -1.950209999999999999e+00
9.299010000000000886e+00 5.361329999999999707e-01
8.387579999999999814e+00 4.404520000000000102e-01
9.170289999999999608e+00 1.003759999999999986e+00
1.138410000000000011e+01 -3.545490000000000030e-01
8.187170000000000059e+00 -7.908340000000000369e-01
1.150929999999999964e+01 4.870789999999999842e-01
1.178480000000000061e+01 -1.276090000000000002e-01
7.405300000000000438e+00 -1.835369999999999946e+00
1.304899999999999949e+01 -1.980909999999999949e+00
1.153679999999999950e+01 2.421689999999999898e+00
9.731130000000000280e+00 -2.346659999999999968e+00
1.552299999999999969e+01 1.939240000000000075e+00
9.818490000000000606e+00 9.937909999999999799e-01
9.802649999999999864e+00 -1.622699999999999976e-01
9.576869999999999550e+00 4.573619999999999908e-01
1.243970000000000020e+01 -2.182640000000000136e-01
1.158389999999999986e+01 1.127150000000000096e+00
8.357139999999999347e+00 -1.017810000000000104e+00
9.596420000000000172e+00 -7.329890000000000017e-01
1.265310000000000024e+01 -4.606310000000000127e-01
1.013480000000000025e+01 -4.434830000000000161e-01
9.140560000000000684e+00 -4.837550000000000239e+00
1.184619999999999962e+01 -6.045469999999999455e-01
1.216629999999999967e+01 1.303129999999999900e+00
9.716630000000000322e+00 -1.997450000000000059e-01
8.330830000000000624e+00 -7.759300000000000086e-01
3.648610000000000131e+00 7.828689999999999927e+00
3.354320000000000079e-01 9.854540000000000077e+00
5.910389999999999810e-01 9.308619999999999450e+00
4.525640000000000218e-01 1.216350000000000087e+01
1.807770000000000099e+00 9.332589999999999719e+00
6.055460000000000287e-01 1.002549999999999919e+01
-3.374130000000000074e+00 1.035629999999999917e+01
-3.631660000000000110e+00 1.283140000000000036e+01
3.693929999999999936e+00 1.264980000000000082e+01
-1.558889999999999998e-01 8.511580000000000368e+00
3.891039999999999832e+00 9.917880000000000251e+00
4.297600000000000087e+00 1.300750000000000028e+01
-3.304940000000000100e-01 1.299029999999999951e+01
-1.146849999999999925e+00 8.722530000000000783e+00
-3.157809999999999784e-01 9.155939999999999301e+00
2.788170000000000037e+00 1.131279999999999930e+01
1.401390000000000136e-01 1.103909999999999947e+01
-3.691380000000000217e-01 8.455130000000000479e+00
2.831370000000000164e+00 6.255740000000000300e+00
7.823219999999999619e-01 7.902099999999999902e+00
-5.349429999999999463e-01 1.148809999999999931e+01
-9.753659999999999553e-01 8.784359999999999502e+00
1.537730000000000041e+00 8.879580000000000695e+00
-8.589480000000000448e-01 9.022710000000000008e+00
8.300309999999999633e-01 1.289860000000000007e+01
8.572370000000000267e-01 7.871220000000000105e+00
7.869749999999999801e-01 8.706720000000000681e+00
-3.316160000000000219e-01 1.145299999999999940e+01
1.457300000000000040e+00 1.029100000000000037e+01
6.619249999999999856e-01 1.181809999999999938e+01
1.974089999999999900e+00 1.179209999999999958e+01
-3.042330000000000201e+00 9.767220000000000013e+00
7.536840000000000206e-01 1.122719999999999985e+01
1.392849999999999921e+00 1.150000000000000000e+01
-8.265670000000000517e-01 1.174520000000000053e+01
-3.866550000000000153e+00 7.237589999999999968e+00
2.303220000000000045e+00 8.228080000000000283e+00
1.672400000000000109e+00 1.047209999999999930e+01
-1.570729999999999904e-01 1.184179999999999922e+01
-1.697619999999999907e+00 1.192190000000000083e+01
-2.085399999999999920e+00 1.009639999999999915e+01
2.686350000000000016e+00 1.460260000000000069e+01
3.128070000000000128e+00 9.070090000000000430e+00
-3.751100000000000101e+00 1.097080000000000055e+01
7.860270000000000312e-01 7.220790000000000042e+00
1.777689999999999992e+00 9.026370000000000005e+00
-1.513630000000000031e+00 1.046940000000000026e+01
-2.833099999999999952e+00 8.011739999999999640e+00
5.796080000000000121e-01 9.333099999999999952e+00
-3.892329999999999846e+00 1.108760000000000012e+01
2.472960000000000047e+00 9.519190000000000040e+00
1.339159999999999906e+00 9.831250000000000711e+00
-9.181759999999999922e-01 1.282240000000000002e+01
-5.132030000000000314e+00 9.382139999999999702e+00
6.849840000000000373e-01 1.083070000000000022e+01
1.969780000000000086e+00 8.314170000000000726e+00
6.425710000000000033e-01 1.094989999999999952e+01
2.328479999999999883e+00 9.250909999999999300e+00
4.307769999999999655e+00 9.435069999999999624e+00
1.698339999999999961e+00 4.614110000000000156e+00
-9.465470000000000272e-01 1.113219999999999921e+01
1.598500000000000032e+00 6.572199999999999598e+00
9.725230000000000263e-01 9.428190000000000737e+00
6.097420000000000062e-01 1.025150000000000006e+01
-1.966480000000000006e+00 1.307499999999999929e+01
4.676289999999999836e+00 1.016660000000000075e+01
1.021609999999999907e+00 1.218469999999999942e+01
-2.815730000000000177e-01 8.359920000000000684e+00
-1.766410000000000036e+00 1.021780000000000044e+01
-9.862830000000000208e-01 7.871019999999999683e+00
2.705490000000000173e+00 9.876300000000000523e+00
-1.567129999999999912e+00 7.645489999999999675e+00
8.580959999999999699e-01 9.630430000000000490e+00
1.014650000000000052e+00 1.189039999999999964e+01
1.540910000000000057e-01 8.365949999999999775e+00
-5.795829999999999593e-01 8.141209999999999170e+00
1.323839999999999906e+00 1.081520000000000081e+01
8.088529999999999331e-02 1.891380000000000006e-01
3.001889999999999947e+00 8.331340000000000412e-01
-2.522989999999999955e-01 -3.567320000000000046e+00
5.490820000000000256e+00 -1.481300000000000061e+00
-1.878410000000000080e-01 -1.269879999999999898e-01
1.863010000000000055e+00 -6.933369999999999811e-01
5.219599999999999795e-01 3.543850000000000056e-01
-3.952539999999999942e-01 -2.247580000000000133e+00
-6.057660000000000267e-01 -4.852219999999999978e+00
2.167640000000000011e+00 -3.118139999999999801e-01
-4.947849999999999748e-01 -6.401149999999999896e-01
1.140630000000000033e+00 -9.099310000000000453e-01
-1.918530000000000069e+00 -1.460420000000000051e+00
3.677589999999999915e+00 -9.442350000000000465e-01
3.478250000000000064e+00 -2.140589999999999993e+00
1.310780000000000056e+00 8.319100000000000383e-01
3.974549999999999805e+00 -1.061309999999999976e+00
9.489450000000000385e-01 1.009810000000000096e+00
-3.912339999999999929e+00 -3.437949999999999839e+00
-1.358199999999999963e-01 1.231289999999999996e+00
8.491039999999999699e-01 -2.103710000000000024e-01
-3.135930000000000106e+00 -6.950680000000000192e-01
1.205829999999999957e+00 -1.289690000000000003e+00
1.123609999999999998e+00 2.896240000000000148e+00
-2.095279999999999809e+00 -2.612699999999999800e+00
2.690179999999999794e+00 -9.450950000000000184e-01
2.364970000000000017e+00 -1.082589999999999941e+00
-5.278810000000000446e-01 -2.532280000000000086e+00
1.498939999999999939e+00 3.688159999999999883e+00
4.177159999999999762e+00 -3.958789999999999809e-01
-2.833969999999999878e+00 -2.896990000000000176e+00
-1.573050000000000059e+00 -1.120319999999999983e+00
1.196560000000000068e+00 2.549220000000000041e+00
2.295529999999999848e+00 2.305149999999999810e+00
8.854370000000000296e-01 1.664349999999999996e+00
9.883929999999999660e-01 -7.563349999999999795e-01
-7.241389999999999771e-01 -5.845130000000000159e+00
-2.025230000000000086e+00 -1.323159999999999892e+00
4.437190000000000190e+00 1.833549999999999902e-01
8.393709999999999782e-01 -6.474919999999999565e-01
-5.681400000000000006e+00 7.021929999999999561e-01
-2.185979999999999868e-01 1.572009999999999907e+00
-2.183670000000000222e+00 1.400209999999999955e+00
3.764540000000000108e-01 -1.595029999999999948e+00
4.895870000000000388e+00 3.066460000000000186e+00
1.506419999999999981e-01 -2.121319999999999872e-01
-3.453969999999999985e+00 5.658170000000000144e-01
-4.155200000000000005e-01 1.277749999999999941e+00
1.469649999999999901e+00 -1.443470000000000031e+00
-3.459540000000000060e+00 1.786979999999999957e-01
-1.152060000000000084e+00 -3.953190000000000204e+00
-2.403140000000000054e+00 2.794709999999999805e+00
-3.872619999999999951e+00 1.642719999999999958e+00
1.997880000000000100e+00 3.170030000000000125e+00
2.085259999999999891e+00 3.505039999999999822e-01
1.620989999999999931e+00 -3.642510000000000137e+00
2.420209999999999972e+00 2.818099999999999827e+00
-1.598009999999999931e+00 7.483319999999999972e-01
3.715760000000000174e-01 1.020739999999999981e+00
-1.827879999999999949e+00 3.120480000000000143e+00
-7.149539999999999784e-01 -1.204050000000000065e+00
-1.009849999999999914e+00 -2.478239999999999998e+00
2.425990000000000091e+00 8.469550000000000134e-01
-1.207039999999999891e+00 1.036030000000000006e+00
3.849209999999999798e+00 9.069570000000000132e-01
1.068910000000000027e+00 -7.456439999999999735e-01
-3.577719999999999789e+00 3.282080000000000108e+00
6.205380000000000340e-01 -3.888959999999999972e+00
-8.206240000000000201e-01 7.019929999999999781e-01
-1.660779999999999923e+00 4.297759999999999914e-01
1.202039999999999997e+00 1.717689999999999939e+00
-2.060970000000000191e+00 -1.475770000000000026e+00
9.516240000000000254e-01 1.631499999999999950e+00
1.421170000000000044e+00 -6.732890000000000263e-01
1.475479999999999903e+00 -2.454380000000000006e+00
-6.338249999999999718e-01 5.915559999999999707e-01
-3.049049999999999816e+00 -1.762639999999999985e+00
